57 57 62 62 65 57 62 60 
62 62 61 59 67 60 64 66 
62 62 67 60 61 62 72 76 
60 60 82 82 91 96 110 105 
81 81 82 91 83 88 82 85 
53 53 54 54 60 50 58 55 
48 48 52 46 52 60 64 54 
62 62 64 68 60 57 57 58 

76 81 67 86 57 66 56 68 
88 79 80 73 73 61 65 78 
70 67 87 94 68 65 73 71 
97 113 108 103 109 85 60 64 
90 110 118 121 106 100 103 73 
69 95 115 118 96 93 93 90 
98 104 107 109 91 86 104 93 
129 134 118 99 70 71 113 91 

94 107 75 139 167 145 123 92 
159 141 95 68 60 71 69 70 
65 76 67 65 100 133 91 115 
70 71 68 76 120 111 84 60 
71 71 77 70 61 67 56 67 
79 76 79 74 79 67 60 70 
62 77 94 88 60 72 74 74 
75 65 77 106 95 111 95 71 

72 76 81 74 76 88 83 80 
77 71 69 69 77 71 72 76 
55 60 63 60 70 61 65 63 
72 69 64 59 73 66 72 67 
51 55 55 51 57 67 68 62 
51 57 58 53 57 57 52 58 
70 65 50 50 50 53 51 54 
69 58 61 57 69 61 60 63 

92 92 97 92 99 100 102 101 
89 100 94 87 106 109 93 106 
107 115 95 108 107 101 106 91 
104 103 102 94 105 101 99 99 
93 106 107 99 111 105 109 101 
102 98 103 106 103 96 114 97 
96 103 113 104 112 103 100 109 
101 104 112 119 108 98 103 95 

116 113 127 105 115 124 113 120 
107 110 116 117 107 106 116 115 
109 115 113 118 115 117 119 115 
111 111 111 119 123 123 117 120 
124 119 130 121 117 127 124 125 
126 125 121 129 130 133 134 131 
128 125 132 139 131 135 129 129 
124 132 129 137 136 141 136 144 

128 128 113 94 95 85 86 79 
72 73 76 73 92 87 77 88 
77 77 81 84 90 85 77 80 
90 89 80 87 86 83 85 83 
84 91 88 87 87 88 86 81 
83 84 81 80 78 81 79 72 
66 72 78 74 81 80 68 83 
109 121 118 113 115 129 114 128 

76 85 76 83 84 95 91 95 
92 96 92 92 87 96 89 84 
65 72 70 78 84 85 88 98 
61 76 65 68 70 63 63 70 
58 58 59 61 62 67 62 62 
83 77 72 63 70 67 64 68 
119 101 92 79 82 81 78 79 
137 133 130 120 97 90 86 83 

57 57 62 62 65 57 62 60 
62 62 66 71 70 63 57 70 
65 65 57 62 68 65 70 87 
63 63 84 101 90 88 116 110 
83 83 81 88 78 72 74 82 
61 61 50 62 51 48 49 50 
58 58 55 48 55 55 58 54 
58 58 60 56 57 56 55 57 

76 81 67 86 57 66 56 68 
74 78 71 75 69 64 70 69 
69 70 88 91 64 58 65 69 
103 117 120 117 118 94 58 67 
88 105 125 123 97 92 94 66 
68 81 118 131 102 95 89 93 
97 103 125 100 81 88 100 80 
133 130 117 103 71 70 97 97 

94 107 75 139 167 145 123 92 
161 133 79 63 71 64 62 77 
68 74 58 72 135 89 96 119 
68 75 62 87 118 90 79 109 
69 73 74 64 59 60 68 93 
72 72 70 63 68 58 58 66 
63 70 103 105 71 58 65 86 
77 66 81 103 79 82 113 85 

72 76 81 74 76 88 83 80 
68 69 74 77 74 88 76 74 
60 54 56 56 63 61 61 67 
59 60 66 64 67 70 76 74 
54 54 52 56 63 63 69 60 
55 49 55 56 60 57 56 62 
61 60 58 57 56 49 50 59 
69 68 66 62 62 65 66 57 

92 92 97 92 99 100 102 101 
90 104 91 87 95 102 93 105 
97 93 92 106 97 101 116 92 
102 95 107 103 99 105 101 99 
100 98 99 98 94 102 109 105 
109 101 99 97 92 102 108 103 
104 103 106 107 110 99 124 106 
98 118 107 109 104 98 92 94 

116 113 127 105 115 124 113 120 
104 108 107 109 114 110 110 132 
115 114 114 122 117 119 124 119 
109 113 133 128 121 121 124 125 
118 126 117 122 121 117 129 136 
121 126 130 124 131 134 129 137 
126 123 133 135 132 132 127 133 
136 137 131 132 133 140 142 146 

128 128 113 94 95 85 86 79 
71 71 76 71 76 86 82 75 
81 83 82 79 92 89 80 87 
91 87 79 93 91 86 82 83 
85 91 88 86 85 82 87 85 
76 80 82 73 70 67 74 71 
72 74 78 81 82 85 86 83 
119 119 127 110 121 121 116 117 

76 85 76 83 84 95 91 95 
89 89 93 99 95 101 84 86 
64 67 65 79 76 85 86 95 
65 66 73 71 70 63 66 61 
63 61 59 69 71 64 70 64 
83 79 70 70 64 71 63 63 
122 115 98 84 83 85 76 76 
149 135 127 124 101 96 90 83 

60 60 58 58 62 59 56 54 
63 63 58 71 65 64 58 69 
55 55 58 62 69 76 91 81 
71 71 77 78 99 92 110 101 
76 76 86 76 75 78 75 79 
58 58 57 50 57 53 48 55 
56 56 57 47 48 51 52 69 
55 55 55 50 57 56 62 53 

72 62 75 86 76 68 60 70 
71 71 75 81 69 65 73 64 
69 74 86 95 72 60 64 71 
123 113 109 113 104 89 69 64 
75 112 130 130 104 101 89 62 
71 80 115 131 107 94 99 101 
104 117 130 107 73 90 106 73 
135 126 124 117 68 64 82 86 

102 103 97 159 147 123 76 91 
158 109 81 76 75 68 100 99 
70 73 64 88 104 59 113 123 
73 62 71 112 85 99 125 98 
68 66 62 66 62 55 71 90 
81 76 74 74 62 59 64 62 
62 58 103 111 71 62 71 76 
69 76 86 83 67 63 113 122 

74 74 71 78 75 86 85 80 
67 73 83 77 75 80 76 73 
72 56 62 61 65 67 67 64 
77 67 65 66 77 77 75 69 
51 56 63 55 58 70 69 64 
57 50 56 56 60 58 55 61 
54 56 53 54 53 51 58 61 
72 66 60 63 65 59 57 64 

93 92 93 95 104 109 96 96 
93 94 92 98 88 101 101 95 
105 93 100 96 103 105 98 103 
101 101 104 96 105 106 99 100 
99 99 105 94 99 99 102 111 
108 100 104 103 95 108 105 101 
105 105 103 110 103 101 113 94 
103 106 101 109 96 103 100 98 

115 114 119 115 107 116 113 122 
115 113 106 116 113 109 115 120 
116 112 127 113 126 123 117 132 
114 111 119 122 115 122 125 122 
118 119 124 123 131 120 121 132 
124 115 131 125 122 126 131 128 
126 132 134 127 134 136 133 128 
132 133 136 126 139 143 140 149 

104 99 94 76 87 79 73 80 
75 71 81 80 67 83 94 84 
74 79 91 86 87 96 85 83 
86 76 89 86 85 83 85 84 
93 86 92 89 88 84 90 90 
69 72 76 68 87 75 76 70 
77 79 77 81 84 96 91 108 
113 121 119 125 116 124 119 128 

86 76 81 80 84 91 87 95 
89 92 87 104 92 89 93 86 
74 63 69 74 78 78 90 95 
68 66 71 76 64 65 64 64 
56 51 55 67 60 60 62 64 
88 84 73 76 67 63 66 68 
125 117 97 89 85 80 78 76 
144 135 133 127 110 96 92 82 

60 60 57 66 65 62 61 60 
59 59 67 68 69 68 59 73 
60 60 58 72 67 76 80 83 
76 76 84 82 90 88 105 102 
70 70 74 76 72 79 72 86 
58 58 57 56 55 51 45 49 
59 59 50 64 63 51 56 60 
48 48 54 54 59 50 58 73 

83 68 75 75 79 63 62 63 
61 69 74 80 71 62 81 78 
72 85 98 89 63 67 71 67 
125 113 108 109 102 85 72 61 
79 99 126 134 116 88 84 70 
81 89 116 139 101 83 100 96 
107 127 136 100 67 84 103 71 
141 126 113 115 77 67 74 79 

99 113 137 161 133 86 66 74 
133 79 80 81 72 62 106 140 
78 102 74 80 73 69 119 132 
67 59 79 93 98 138 100 89 
65 66 61 55 57 57 78 81 
73 69 65 81 65 82 102 59 
69 64 85 125 97 67 69 75 
62 86 92 76 78 73 96 137 

72 74 82 82 71 94 73 81 
71 72 81 76 69 73 76 74 
57 55 57 52 62 68 64 63 
73 70 72 77 71 68 75 70 
64 54 56 60 55 57 70 68 
60 58 55 59 70 55 54 55 
60 53 57 71 55 54 53 54 
70 62 61 64 67 57 59 67 

91 89 93 89 107 97 89 100 
98 104 88 93 86 92 106 98 
90 105 97 96 94 104 98 106 
101 101 103 97 100 101 103 97 
104 97 108 99 101 98 96 109 
99 96 109 104 102 95 107 101 
105 101 100 108 98 95 106 109 
107 104 94 100 107 105 103 106 

115 114 118 114 116 108 118 108 
112 108 107 110 119 109 121 117 
117 115 118 118 124 122 125 128 
124 118 118 130 118 126 122 128 
125 121 118 124 123 123 125 127 
124 121 126 127 128 131 126 132 
129 129 136 129 135 135 143 136 
133 137 139 136 139 143 139 150 

80 77 79 73 82 83 77 81 
78 75 78 103 80 85 90 89 
74 84 78 88 88 83 78 84 
81 81 91 86 85 83 87 94 
89 86 87 86 95 87 83 81 
79 72 70 75 77 67 72 64 
82 92 85 93 87 106 96 107 
111 121 111 122 110 113 112 124 

84 79 87 78 79 77 88 86 
81 82 91 102 90 96 85 94 
68 66 66 76 83 72 78 94 
75 66 70 63 66 71 72 64 
66 58 68 59 61 66 63 66 
94 83 75 74 68 66 67 63 
134 118 100 91 89 81 76 76 
139 138 132 127 115 100 87 79 

66 66 63 57 65 62 61 63 
66 66 67 62 81 73 65 64 
57 57 62 68 78 76 84 100 
81 81 85 79 88 88 89 103 
57 57 74 73 68 72 73 68 
51 51 49 56 56 59 57 54 
55 55 58 53 57 53 61 65 
57 57 59 61 59 53 61 60 

86 68 67 74 71 62 61 72 
71 68 72 93 79 78 76 76 
81 83 93 97 85 61 62 70 
113 112 107 109 92 100 76 61 
89 84 136 130 110 81 79 64 
91 93 107 136 102 73 90 98 
106 124 130 101 69 77 104 76 
148 123 112 107 70 73 67 78 

128 153 163 143 87 74 61 82 
103 70 71 69 80 77 92 135 
68 73 74 73 66 88 123 116 
59 66 83 80 110 115 92 67 
65 58 67 56 73 86 74 70 
70 70 59 75 60 90 147 62 
62 68 75 117 125 84 73 70 
71 81 85 69 63 67 92 128 

68 76 79 80 72 85 70 87 
69 74 68 77 77 69 73 81 
58 59 65 72 55 54 55 62 
60 54 62 65 63 67 66 74 
54 59 55 58 61 59 60 67 
62 59 64 58 66 56 63 46 
59 55 61 57 58 56 54 53 
67 67 61 61 59 60 61 67 

101 100 99 101 106 95 106 108 
95 95 102 87 92 99 98 99 
96 91 99 112 99 98 109 99 
104 103 98 104 100 103 99 109 
106 99 115 99 101 102 98 118 
112 97 105 103 100 100 100 104 
104 98 112 106 110 104 105 103 
100 100 95 105 106 100 108 106 

110 107 115 107 113 108 119 117 
114 114 116 114 116 116 119 117 
116 123 116 117 113 125 118 122 
128 123 112 122 133 120 133 129 
118 116 117 122 121 129 124 131 
124 126 131 126 133 134 131 131 
127 130 129 136 133 136 143 136 
136 134 139 137 140 146 144 146 

68 75 81 74 74 76 81 79 
77 72 79 83 77 92 83 91 
72 85 85 85 82 86 79 94 
85 85 85 91 86 87 86 88 
93 83 87 85 88 77 92 85 
71 76 77 67 69 86 68 70 
90 94 102 100 94 100 105 107 
129 115 111 112 119 118 113 122 

96 83 89 79 82 75 74 79 
77 80 88 85 90 97 93 86 
71 70 70 67 69 85 81 79 
65 56 68 60 66 70 69 57 
67 67 66 55 62 67 74 60 
87 86 81 74 73 69 75 68 
135 125 111 90 94 78 75 77 
147 149 140 136 114 99 86 83 

57 57 64 60 64 62 64 66 
62 62 79 65 79 73 73 67 
52 52 69 69 80 86 86 92 
82 82 91 87 77 94 89 94 
56 56 56 64 60 66 63 68 
51 51 43 54 48 52 54 58 
61 61 53 52 51 52 69 65 
57 57 56 53 61 63 64 63 

102 68 71 66 69 70 62 65 
77 75 78 91 70 91 86 71 
92 94 97 98 100 69 60 64 
110 117 101 115 94 100 82 63 
89 85 124 136 105 80 82 76 
85 106 114 112 109 80 87 100 
119 137 122 113 67 87 102 104 
155 112 107 102 69 77 64 66 

152 177 155 120 73 67 65 84 
77 57 66 69 76 69 133 130 
70 71 70 67 69 102 124 103 
60 69 85 75 108 90 80 67 
57 60 60 58 76 86 72 59 
70 69 72 74 62 90 162 87 
61 81 78 103 134 110 73 62 
54 76 94 64 67 69 84 108 

74 64 79 85 76 81 74 75 
67 70 71 70 81 75 80 78 
50 55 52 59 57 55 56 56 
60 55 62 69 65 62 60 66 
57 52 53 63 63 60 65 62 
60 62 53 60 51 55 54 50 
65 68 61 59 67 60 60 58 
57 67 64 66 75 58 63 65 

112 101 92 99 102 100 102 112 
102 99 103 100 100 94 93 113 
108 106 101 102 112 99 107 100 
103 98 95 96 102 93 99 104 
98 100 114 103 103 98 101 114 
101 93 100 111 102 105 92 97 
101 97 102 109 112 115 103 98 
97 101 96 109 101 103 106 94 

115 111 111 121 117 120 116 124 
112 107 112 117 110 113 114 119 
113 108 116 119 126 112 125 127 
117 108 121 125 115 136 123 130 
120 117 125 123 122 122 127 132 
121 139 133 123 133 138 136 137 
125 129 133 132 133 140 134 136 
135 136 138 137 142 141 144 147 

79 70 72 74 70 72 74 80 
76 77 84 85 80 89 86 88 
73 86 80 89 82 92 87 92 
84 92 94 93 86 93 90 85 
81 82 87 86 85 89 84 86 
74 72 76 66 72 71 69 70 
97 98 109 111 112 104 110 108 
126 107 111 114 114 112 119 119 

84 89 91 86 78 84 83 80 
77 81 76 86 90 90 88 91 
69 69 71 69 66 77 73 88 
63 63 67 65 64 66 71 62 
70 63 66 64 60 66 68 59 
89 91 83 75 83 76 71 69 
142 132 113 97 105 85 80 79 
150 151 140 126 120 102 100 85 

56 56 63 61 57 67 61 61 
65 65 68 64 69 66 69 71 
56 56 70 75 87 91 93 100 
79 79 86 84 82 80 82 94 
61 61 58 53 61 61 69 67 
52 52 58 52 47 49 53 50 
57 57 57 60 58 63 53 61 
53 53 52 46 55 51 61 63 

101 69 81 70 69 67 57 75 
74 74 82 88 69 76 71 71 
97 107 99 120 99 63 65 59 
103 107 106 121 100 97 95 67 
93 82 120 137 98 78 77 71 
92 105 107 108 102 91 93 96 
117 139 122 109 72 89 101 100 
151 114 114 95 75 72 69 68 

168 164 146 82 67 67 83 71 
67 66 70 68 59 93 141 121 
78 75 71 59 85 121 112 79 
58 74 74 77 92 75 56 65 
73 63 64 80 80 73 82 72 
55 84 63 66 76 70 130 103 
75 75 72 96 134 132 79 59 
53 71 94 68 69 67 75 85 

70 66 72 82 77 71 72 83 
70 74 65 66 75 74 79 77 
55 60 61 56 50 54 57 58 
51 66 63 65 65 69 75 79 
53 58 55 57 53 50 56 62 
52 60 56 60 52 50 56 57 
66 64 54 59 59 55 68 57 
64 66 69 68 63 60 98 85 

98 104 87 99 97 100 94 100 
94 112 95 96 94 93 96 100 
93 105 97 96 109 101 101 100 
97 97 99 105 97 96 100 105 
97 99 97 103 101 104 105 112 
105 106 98 108 108 100 106 94 
98 104 105 107 109 99 104 101 
102 104 111 96 96 101 101 100 

114 119 116 113 105 116 118 125 
112 107 118 110 114 117 121 115 
117 120 114 118 119 128 124 123 
120 126 124 120 123 123 135 120 
128 121 122 129 133 119 131 128 
143 119 132 133 124 132 126 139 
124 136 131 139 132 133 144 139 
133 135 136 135 146 146 149 145 

84 65 81 74 78 75 75 97 
86 76 84 85 87 84 88 81 
87 92 89 89 93 80 92 85 
87 89 91 87 95 86 85 84 
91 79 85 88 81 77 83 74 
60 61 66 62 72 66 64 72 
100 102 109 104 101 107 106 124 
122 119 121 111 121 116 110 118 

91 95 91 91 82 89 86 94 
75 74 82 79 89 86 111 100 
66 68 66 70 66 74 75 76 
64 60 61 54 61 71 70 60 
72 71 65 61 67 61 59 62 
101 86 87 84 81 77 80 72 
142 134 118 102 95 88 89 79 
143 152 141 129 128 113 102 90 

63 63 62 59 61 70 62 64 
65 65 63 66 60 57 75 71 
64 64 75 83 95 98 107 108 
80 80 73 78 87 73 87 90 
58 58 63 62 59 56 64 61 
52 52 55 56 53 50 59 56 
60 60 53 49 56 50 50 63 
53 53 53 49 66 54 55 72 

95 78 74 71 70 70 62 76 
74 71 93 84 67 74 78 67 
94 112 108 114 103 71 67 64 
92 114 111 123 92 97 90 79 
80 83 116 131 97 79 77 80 
98 110 102 124 89 78 97 91 
125 141 124 101 73 74 99 94 
143 115 115 93 69 71 61 61 

168 162 103 67 62 67 71 73 
61 74 68 61 72 124 118 101 
66 79 66 62 110 115 92 55 
61 70 84 78 75 71 59 65 
59 63 69 79 76 71 65 64 
59 81 70 66 82 61 106 80 
73 72 70 105 125 127 75 71 
58 64 84 86 61 73 74 77 

75 74 72 75 78 68 73 82 
71 73 76 69 77 79 79 69 
63 64 74 61 73 68 65 60 
55 53 59 56 61 60 65 66 
53 52 56 57 58 55 50 60 
57 50 51 56 59 49 52 52 
59 56 54 59 59 65 58 61 
89 68 72 75 86 99 130 95 

93 113 92 96 97 108 96 93 
97 103 90 105 98 100 101 105 
100 100 103 99 105 104 97 103 
91 111 96 105 115 102 108 99 
93 103 108 111 99 100 108 107 
109 105 100 114 107 97 108 95 
103 100 107 117 115 95 98 98 
103 105 97 96 95 100 98 100 

114 114 107 113 111 111 122 121 
106 117 110 115 114 116 118 111 
108 124 109 124 117 118 119 129 
120 117 126 124 122 118 126 124 
124 121 124 121 123 124 130 128 
125 129 133 124 133 130 136 133 
129 130 135 137 146 136 137 144 
135 139 136 136 144 146 142 152 

76 80 74 77 76 99 102 89 
83 71 78 85 77 87 88 85 
77 81 88 82 85 79 84 82 
97 83 86 85 88 89 82 88 
89 78 80 80 78 73 82 76 
69 64 66 60 87 69 70 76 
105 119 106 110 124 110 109 120 
117 118 113 118 114 122 110 124 

93 94 96 82 90 95 91 81 
76 72 78 79 85 84 99 94 
86 67 65 70 67 66 68 68 
59 55 62 61 67 67 66 65 
72 75 67 65 61 65 61 60 
101 103 90 82 89 79 75 76 
139 134 126 106 94 90 80 79 
148 153 138 136 124 117 106 93 

22 22 32 28 30 21 26 28 
25 25 30 32 30 24 21 28 
24 24 33 28 27 32 42 49 
29 29 57 64 68 79 90 88 
63 63 63 72 66 64 64 66 
17 17 17 16 16 12 19 21 
11 11 12 6 8 15 16 12 
20 20 19 24 17 13 10 16 

47 30 26 48 22 20 13 20 
48 40 37 27 25 15 26 38 
29 31 47 60 20 20 25 28 
69 96 81 84 79 50 19 16 
68 86 99 102 72 69 67 28 
33 69 96 94 67 57 58 54 
92 101 93 70 56 54 70 56 
142 134 105 63 36 30 76 59 

42 44 38 103 122 99 67 32 
123 97 54 19 19 15 12 18 
15 21 12 27 58 71 47 86 
25 17 20 46 76 65 41 24 
27 34 32 31 21 16 15 34 
38 39 38 37 33 20 19 24 
14 36 56 45 16 19 22 41 
28 19 30 54 57 61 49 31 

76 71 75 77 75 87 81 85 
74 73 75 74 80 78 79 81 
36 41 49 45 59 51 51 53 
54 53 52 49 65 67 67 61 
21 19 19 26 34 48 46 47 
13 12 14 15 12 18 15 21 
25 34 11 16 7 13 11 15 
36 28 26 22 34 27 21 21 

98 103 96 99 103 101 104 105 
98 110 104 100 105 104 105 105 
113 114 104 108 107 109 104 102 
105 106 104 102 103 106 110 110 
100 107 107 105 107 105 113 108 
104 103 102 112 108 107 113 103 
106 111 109 112 111 109 110 114 
107 108 114 116 109 100 105 102 

134 131 140 124 130 130 127 129 
126 130 124 123 122 128 129 130 
121 126 127 126 130 129 128 127 
128 125 129 134 135 137 137 140 
129 136 134 135 140 142 145 148 
138 140 138 142 149 146 146 147 
145 147 152 147 148 148 154 153 
152 156 152 154 154 158 158 164 

80 85 75 71 73 65 70 67 
54 58 57 68 79 76 72 80 
57 73 67 69 78 72 72 74 
75 76 78 74 81 73 79 81 
81 84 85 81 83 81 78 71 
63 70 67 68 61 62 60 55 
52 52 64 63 66 61 58 69 
115 126 122 121 124 126 129 128 

49 52 43 56 61 63 65 63 
73 71 75 61 71 74 68 54 
40 49 46 50 60 65 68 81 
33 53 43 46 41 37 35 47 
21 22 24 31 33 37 33 37 
105 79 58 59 43 47 34 31 
181 165 150 116 100 88 83 79 
202 198 194 184 159 137 113 96 

22 22 32 28 30 21 26 28 
25 25 34 40 39 27 26 31 
28 28 24 36 39 31 45 61 
39 39 58 72 67 80 91 92 
70 70 67 70 63 58 57 64 
15 15 9 17 8 6 7 10 
12 12 16 9 10 8 11 11 
21 21 16 14 16 9 12 10 

47 30 26 48 22 20 13 20 
36 31 32 30 33 19 26 33 
33 38 55 51 20 9 23 34 
80 104 96 95 79 56 17 21 
67 84 106 98 67 59 61 20 
41 53 99 102 72 54 55 63 
91 106 112 69 44 52 73 48 
138 127 103 76 29 24 61 50 

42 44 38 103 122 99 67 32 
119 87 39 27 17 11 14 38 
21 14 10 29 68 41 60 94 
18 19 19 43 68 59 49 60 
32 30 30 19 13 11 33 52 
29 31 29 29 22 11 13 19 
12 28 59 68 21 15 26 41 
28 26 36 42 30 34 67 51 

76 71 75 77 75 87 81 85 
66 72 78 82 79 84 83 80 
36 29 29 40 50 49 49 57 
44 44 45 51 53 58 67 65 
14 17 14 19 33 45 50 39 
19 14 15 19 14 14 20 23 
25 21 19 18 16 10 12 11 
43 27 28 18 22 25 28 23 

98 103 96 99 103 101 104 105 
102 105 105 101 109 107 101 105 
100 105 106 110 108 109 112 108 
103 105 107 106 108 109 106 108 
102 105 104 104 97 106 114 112 
105 106 106 107 101 110 108 109 
112 105 110 111 112 103 117 106 
105 115 109 112 104 108 100 104 

134 131 140 124 130 130 127 129 
124 122 120 121 126 124 130 139 
125 122 126 130 133 133 135 135 
129 126 136 140 133 135 139 136 
125 131 138 139 131 138 145 151 
140 140 141 143 147 147 144 150 
145 147 146 151 152 148 154 149 
153 146 150 151 156 163 158 170 

80 85 75 71 73 65 70 67 
55 56 61 64 60 70 68 64 
62 72 70 65 76 75 74 81 
79 79 72 85 81 76 77 77 
75 82 80 83 83 72 79 79 
66 66 72 57 58 53 63 46 
59 58 74 71 72 72 77 76 
120 129 125 125 125 127 134 124 

49 52 43 56 61 63 65 63 
67 70 73 78 76 79 64 61 
35 45 39 49 54 59 67 73 
42 42 47 47 47 28 39 36 
33 24 25 31 35 34 45 38 
112 92 73 62 51 47 39 32 
190 178 158 127 111 95 84 78 
205 200 191 180 166 141 113 98 

18 18 27 21 31 21 25 27 
24 24 29 32 29 27 25 31 
20 20 25 28 36 44 67 58 
43 43 56 61 74 80 91 92 
63 63 66 63 61 63 54 54 
16 16 14 13 9 10 6 10 
12 12 15 9 6 6 12 17 
13 13 8 6 15 14 7 11 

34 23 33 48 36 22 11 21 
32 28 40 39 31 24 26 24 
32 36 53 49 25 15 16 24 
95 101 86 84 64 56 26 16 
59 82 113 109 82 69 49 22 
58 52 87 109 71 56 62 68 
101 122 122 72 40 56 70 39 
133 115 108 95 28 24 45 44 

44 55 75 123 101 65 36 30 
105 63 45 30 16 19 50 67 
20 27 22 26 39 22 78 94 
18 13 23 61 48 70 81 57 
25 15 19 22 16 16 28 44 
32 30 28 30 25 22 30 11 
15 21 60 69 29 19 31 27 
28 38 39 28 12 21 62 77 

77 77 82 78 81 85 82 78 
68 71 84 77 81 77 79 81 
30 25 27 33 50 49 48 49 
41 38 48 45 52 57 70 64 
14 19 14 17 25 41 51 46 
11 12 16 19 16 18 16 26 
20 17 11 22 17 12 19 17 
48 33 25 27 24 27 23 21 

97 99 102 98 103 104 102 99 
103 103 100 104 104 107 109 105 
108 109 105 106 109 102 103 110 
104 107 106 107 110 108 108 107 
105 106 106 103 103 106 109 114 
106 106 110 109 107 111 107 108 
113 108 107 112 108 112 112 106 
106 100 113 108 102 108 109 104 

128 129 133 127 128 130 133 128 
123 122 123 125 129 125 132 130 
124 126 131 136 132 136 134 135 
127 123 135 138 140 136 142 135 
131 133 133 137 141 137 144 149 
140 141 140 145 145 151 147 148 
143 150 152 149 149 155 156 152 
150 150 153 154 159 167 163 169 

65 74 70 60 66 65 71 73 
61 58 67 57 57 78 82 81 
60 66 75 73 77 79 79 78 
73 75 79 78 81 77 76 75 
81 78 88 75 86 73 77 72 
55 49 61 50 69 52 53 49 
69 70 75 74 86 89 89 97 
128 129 128 126 128 131 127 126 

55 47 49 47 51 63 71 70 
73 72 69 75 73 75 60 64 
49 38 40 44 57 63 72 76 
34 39 49 53 45 43 41 41 
29 24 25 31 24 26 35 38 
122 104 83 74 61 53 46 45 
191 182 161 129 115 97 89 78 
205 199 195 187 173 141 122 101 

23 23 27 26 29 23 25 28 
29 29 33 35 34 33 28 38 
19 19 30 43 39 48 54 63 
47 47 61 69 75 73 83 85 
45 45 58 60 51 57 53 57 
14 14 13 16 11 7 4 7 
16 16 14 18 14 6 10 17 
8 8 11 13 9 5 7 19 

53 28 28 36 41 20 15 21 
22 29 33 36 30 21 35 38 
40 47 64 51 30 16 29 30 
99 99 90 79 66 49 24 15 
68 64 112 115 89 42 42 24 
78 63 86 108 67 40 66 67 
107 134 124 61 31 48 67 37 
134 108 94 89 29 30 28 33 

55 87 106 118 79 35 17 17 
79 36 34 28 16 15 64 102 
39 48 36 22 21 33 86 81 
16 13 27 48 67 90 68 42 
28 19 14 15 20 29 35 30 
27 29 24 33 27 48 67 12 
16 19 48 87 58 23 26 28 
19 40 46 30 19 25 59 92 

77 76 79 86 82 85 77 82 
64 64 76 75 74 77 80 78 
14 16 18 13 31 32 28 35 
36 48 47 50 51 49 64 69 
23 15 12 16 17 30 47 50 
16 20 13 21 30 15 15 17 
26 16 16 27 22 16 19 9 
44 33 23 29 29 27 26 34 

102 99 102 100 108 103 105 109 
104 109 103 104 98 101 110 111 
101 108 102 108 104 104 106 107 
105 105 107 103 104 105 108 108 
107 105 107 107 106 104 107 115 
107 102 111 116 105 102 99 104 
108 108 112 107 106 112 112 116 
103 103 103 104 110 104 109 105 

125 131 127 123 129 127 130 127 
124 121 121 120 128 127 134 135 
131 126 131 131 132 137 132 135 
127 125 132 137 137 140 139 139 
131 128 134 140 138 146 142 144 
142 143 150 149 148 150 147 152 
149 148 152 154 151 155 166 157 
148 152 152 162 168 167 165 169 

50 57 59 62 69 71 70 73 
62 56 64 77 70 69 80 82 
66 66 67 76 71 73 74 77 
75 77 81 81 83 78 80 87 
78 82 87 77 88 74 77 76 
60 53 56 48 61 48 52 38 
76 84 78 88 85 97 97 101 
123 122 123 124 122 125 125 121 

56 50 58 54 49 54 66 57 
64 63 72 76 71 72 68 69 
47 42 44 50 53 51 53 71 
44 35 41 40 42 44 45 37 
42 36 36 21 19 35 33 33 
129 112 95 79 65 53 47 44 
195 184 168 148 125 99 84 78 
204 200 198 190 179 149 129 103 

31 31 25 24 30 30 25 31 
31 31 33 36 46 43 36 35 
20 20 30 44 50 57 62 73 
56 56 61 66 71 69 70 82 
32 32 51 55 50 49 48 48 
8 8 6 12 12 14 15 11 
13 13 17 11 16 10 16 21 
13 13 14 17 10 7 13 12 

60 29 24 31 31 24 17 30 
28 20 40 49 40 43 30 32 
47 47 63 71 50 18 18 26 
85 101 89 86 65 58 38 22 
76 57 111 121 79 44 41 26 
91 75 78 99 63 41 58 65 
110 149 121 68 29 44 71 41 
141 97 83 73 25 33 31 33 

96 129 126 94 41 18 9 22 
54 27 17 17 24 22 46 80 
22 30 27 23 20 57 94 65 
9 20 33 41 65 75 45 20 
19 14 17 24 38 50 31 21 
24 22 11 26 26 51 104 24 
11 18 39 72 83 39 30 22 
26 37 42 21 11 17 37 72 

71 73 83 78 74 84 71 87 
59 68 61 73 79 81 76 82 
12 21 21 31 15 12 16 17 
28 29 44 45 38 48 51 64 
11 21 15 18 21 23 29 43 
20 16 18 21 22 15 23 13 
23 18 25 26 22 22 15 13 
35 37 26 27 14 21 32 36 

109 103 107 109 106 101 110 113 
105 100 105 95 101 100 108 105 
102 97 105 113 108 105 106 108 
105 103 103 105 102 104 104 114 
106 104 111 104 102 113 110 118 
108 106 110 113 110 104 100 105 
104 107 110 110 115 113 107 106 
104 103 109 111 110 109 114 107 

126 121 128 123 124 128 134 135 
125 121 125 126 130 127 129 132 
128 133 129 131 132 132 132 133 
131 131 135 136 139 133 140 145 
135 131 132 139 141 147 150 146 
144 145 147 146 152 151 148 151 
146 146 157 150 157 162 162 165 
152 153 160 160 168 167 169 168 

45 53 64 63 64 70 69 69 
59 58 65 65 71 77 76 77 
65 74 71 76 69 77 71 84 
77 79 85 81 88 81 81 80 
90 78 77 78 77 67 73 73 
51 54 55 45 58 56 51 46 
85 92 97 96 96 101 106 111 
127 122 124 123 124 124 123 124 

61 55 62 53 61 51 50 59 
51 58 64 69 64 73 78 70 
51 44 44 39 45 53 54 61 
30 26 37 37 36 45 48 31 
56 44 44 20 30 32 38 27 
134 117 101 89 73 63 63 53 
198 189 172 151 130 108 93 84 
208 203 197 193 174 157 131 108 

26 26 35 30 29 29 25 34 
27 27 44 35 39 41 41 37 
16 16 35 48 57 65 72 64 
62 62 68 63 59 75 74 74 
18 18 29 43 40 44 41 39 
9 9 7 9 6 9 10 15 
15 15 13 10 7 8 22 17 
14 14 9 15 14 16 16 19 

66 24 25 25 22 25 19 22 
42 32 46 47 39 60 52 26 
55 70 68 70 65 27 16 21 
83 97 91 89 67 64 49 19 
62 59 105 126 76 45 39 36 
93 93 87 77 66 45 49 68 
120 157 121 78 30 53 67 72 
145 89 80 64 23 32 30 15 

120 143 110 68 25 19 10 23 
28 11 16 17 11 28 77 85 
22 22 19 19 29 72 80 60 
14 23 44 35 63 51 30 17 
11 8 15 25 42 49 33 13 
27 23 20 20 22 56 103 44 
14 24 40 65 94 65 28 18 
18 36 53 21 15 13 34 58 

72 69 77 84 81 81 81 77 
50 56 65 65 74 82 77 79 
23 26 25 22 18 12 15 15 
25 26 37 50 47 41 35 54 
14 13 13 22 23 20 28 43 
24 23 14 20 13 14 12 15 
26 27 24 26 30 22 15 21 
18 35 38 35 36 23 50 61 

106 105 108 102 101 103 103 111 
108 107 106 107 108 106 105 111 
103 107 105 106 115 109 110 109 
103 101 104 104 104 101 106 110 
98 105 106 109 109 106 110 116 
107 109 109 113 109 109 102 105 
104 104 109 118 121 111 113 107 
102 101 106 106 108 105 108 102 

128 126 129 130 126 127 127 131 
118 124 124 126 128 129 132 126 
121 123 128 127 134 128 139 137 
129 128 136 140 138 143 147 144 
132 136 139 143 142 142 148 143 
144 148 153 148 147 156 151 155 
141 154 155 157 155 155 163 160 
156 153 157 157 161 166 170 166 

55 54 56 57 63 56 63 64 
59 67 69 69 69 76 77 77 
68 73 76 75 78 78 76 86 
82 86 87 90 84 84 78 81 
72 75 77 75 77 79 68 71 
50 49 53 45 56 44 44 48 
94 99 106 110 106 109 112 113 
128 123 123 128 122 128 120 129 

59 63 61 64 52 53 64 54 
57 58 55 66 70 73 75 73 
45 49 46 41 41 49 43 64 
32 22 30 33 42 40 48 40 
65 47 37 30 27 24 35 25 
150 130 110 100 88 74 62 60 
200 193 180 162 141 116 100 88 
208 205 197 189 180 163 141 115 

24 24 32 29 25 32 28 26 
38 38 36 32 34 34 37 39 
23 23 40 59 62 70 81 82 
59 59 65 70 66 64 65 75 
21 21 22 22 31 27 33 33 
9 9 18 8 6 6 10 9 
14 14 18 14 17 17 8 14 
8 8 8 6 8 10 17 18 

65 38 33 27 28 17 21 30 
39 31 48 45 32 33 26 32 
55 85 80 86 65 27 20 22 
71 90 97 93 65 65 53 28 
56 65 103 113 66 41 35 34 
95 97 79 77 60 53 56 70 
136 153 111 75 38 46 67 65 
136 97 80 59 28 27 28 20 

137 127 91 37 21 22 28 13 
20 12 17 8 13 45 87 82 
31 25 18 18 47 90 63 37 
14 29 32 41 47 34 12 24 
23 13 28 38 39 33 39 24 
15 35 23 24 27 30 62 49 
16 17 30 54 94 84 30 17 
15 30 48 27 19 14 17 40 

63 72 70 87 76 75 78 86 
54 59 54 54 67 71 76 75 
45 50 51 38 27 28 21 20 
19 26 32 43 43 45 54 59 
10 16 16 14 13 11 15 32 
15 26 15 16 15 12 15 17 
25 26 21 28 24 21 34 15 
26 27 37 31 32 44 110 82 

109 109 107 103 103 104 104 108 
107 115 107 106 107 104 110 106 
101 104 103 102 113 110 110 109 
103 104 103 103 100 101 108 112 
102 100 100 108 109 103 109 112 
107 111 115 119 113 103 102 103 
105 109 110 112 114 106 111 106 
105 115 107 102 99 107 103 103 

127 125 126 124 118 124 129 134 
119 125 128 127 130 132 129 125 
130 125 126 131 131 134 137 136 
134 134 135 139 136 145 138 145 
135 132 139 141 144 142 144 147 
144 148 149 147 148 148 153 152 
143 154 161 157 158 159 167 166 
152 149 155 160 166 166 170 175 

60 46 62 63 65 60 67 89 
70 65 71 67 72 79 76 71 
72 79 76 75 75 74 87 79 
80 87 82 82 81 78 74 79 
76 75 76 75 71 65 68 61 
40 39 41 48 57 52 56 51 
104 106 109 110 107 113 115 121 
123 119 131 123 120 115 124 127 

72 64 68 62 57 63 59 67 
56 53 54 57 67 71 84 81 
48 47 41 46 37 48 49 51 
24 25 25 23 36 41 51 37 
76 57 50 37 43 36 28 28 
163 140 118 107 91 80 73 61 
200 193 183 171 146 118 103 84 
207 207 200 189 183 169 139 119 

25 25 29 24 31 31 28 29 
25 25 34 34 28 20 40 42 
28 28 52 59 68 84 92 91 
57 57 63 64 63 58 64 64 
25 25 23 20 20 19 27 25 
14 14 15 15 11 12 10 13 
18 18 13 8 10 5 6 10 
7 7 8 10 12 8 12 24 

56 45 33 30 20 25 22 33 
31 37 57 46 25 27 34 23 
58 93 85 83 73 37 20 17 
66 86 100 92 67 60 55 34 
43 64 99 105 63 44 41 44 
92 99 82 84 51 42 55 56 
140 141 105 67 35 32 71 61 
130 98 80 58 27 28 19 18 

135 116 58 23 16 12 16 15 
12 23 10 9 26 64 68 77 
23 28 20 24 72 71 46 18 
22 32 41 40 31 27 10 24 
16 22 34 42 38 28 17 21 
17 34 36 26 33 15 33 34 
21 15 21 63 75 76 35 23 
12 25 36 38 17 17 18 30 

74 76 78 77 73 72 76 81 
53 57 56 53 65 66 69 68 
51 50 55 51 64 59 47 35 
17 18 24 29 41 42 46 48 
6 15 16 19 17 14 15 22 
18 14 13 23 24 9 10 19 
19 20 23 26 25 28 21 25 
57 26 31 47 80 95 108 71 

102 115 107 109 103 108 103 103 
109 112 101 109 104 105 106 110 
105 109 101 107 114 111 109 107 
103 113 98 110 107 107 112 109 
101 105 108 110 110 102 111 110 
113 110 114 117 104 109 104 104 
110 110 113 116 112 104 107 106 
103 108 104 101 99 107 106 102 

126 120 118 125 121 127 132 130 
116 126 125 129 129 132 128 125 
128 130 128 131 132 134 136 134 
133 134 137 139 138 135 142 140 
140 135 141 142 138 141 148 153 
144 146 148 147 148 154 158 152 
147 155 152 155 156 157 167 170 
155 156 157 159 166 166 171 171 

49 55 55 66 70 91 87 83 
63 57 59 69 70 73 76 76 
70 74 80 73 76 80 73 80 
84 82 80 82 84 89 81 83 
81 69 59 73 63 62 62 61 
49 46 49 52 64 51 59 63 
112 119 113 116 119 120 121 123 
123 121 122 122 122 133 125 128 

74 72 75 57 67 69 59 53 
54 53 51 58 62 65 78 77 
58 49 46 52 44 40 46 39 
23 22 25 25 29 38 42 38 
92 76 54 46 43 36 28 28 
174 154 130 112 98 88 76 72 
203 196 189 172 153 133 107 94 
209 206 200 195 186 175 151 129 

82 82 96 93 97 94 92 93 
92 92 99 99 103 93 94 95 
88 88 100 101 102 109 111 118 
105 105 125 139 144 148 157 155 
143 143 145 145 149 147 144 144 
89 89 85 85 86 84 87 87 
78 78 78 74 76 81 82 74 
83 83 87 83 76 76 75 79 

109 99 100 111 97 81 82 80 
132 121 103 95 89 80 90 101 
123 106 112 120 89 80 83 92 
153 172 161 156 148 123 87 75 
157 164 178 170 148 137 135 108 
129 147 162 164 146 130 130 131 
198 198 174 147 133 123 139 127 
225 217 195 155 119 106 145 133 

109 114 108 140 159 146 132 98 
156 148 117 84 82 77 81 86 
77 84 73 75 112 131 116 139 
87 86 83 100 131 126 104 93 
85 94 100 95 83 76 80 104 
89 101 102 92 96 82 76 83 
83 96 111 108 84 82 86 98 
93 80 84 112 108 113 112 92 

192 198 197 198 199 202 204 210 
187 192 190 195 194 196 201 203 
138 149 159 150 154 160 164 172 
137 142 156 156 162 170 178 173 
96 99 104 112 122 137 141 142 
86 84 87 93 86 91 97 104 
92 98 97 89 84 83 83 93 
113 104 97 89 96 100 95 96 

222 220 223 223 222 222 225 226 
221 224 222 225 222 222 224 223 
221 222 222 223 225 223 223 226 
221 223 224 224 221 224 226 225 
223 224 223 225 221 221 223 226 
223 226 224 222 224 224 224 224 
223 226 225 226 221 225 224 221 
219 222 224 223 224 224 223 226 

224 223 224 224 223 225 226 225 
225 222 222 222 221 224 224 226 
220 224 224 221 223 225 223 224 
223 222 226 222 223 220 223 223 
223 224 222 221 221 223 224 227 
222 224 228 225 223 225 224 226 
224 223 223 227 225 223 223 225 
223 225 227 226 225 225 225 230 

159 158 150 141 136 135 141 143 
129 137 131 139 142 141 145 145 
136 138 138 139 146 147 149 147 
153 153 155 158 155 154 159 159 
162 163 167 168 166 159 163 159 
156 152 155 154 156 150 149 144 
140 142 145 145 149 146 146 153 
187 191 191 189 188 192 189 190 

115 125 119 128 136 138 141 142 
153 152 153 147 147 140 135 128 
132 139 141 138 144 152 152 153 
125 128 125 131 128 127 124 136 
117 112 106 110 117 125 123 134 
204 187 171 159 152 136 124 117 
241 233 227 220 210 202 199 181 
249 247 244 242 238 227 214 207 

82 82 96 93 97 94 92 93 
88 88 97 105 101 95 93 97 
90 90 99 103 106 107 112 127 
109 109 124 139 143 151 156 159 
148 148 147 142 141 142 138 143 
85 85 79 77 75 75 76 77 
78 78 77 73 76 74 76 75 
80 80 79 78 80 78 78 77 

109 99 100 111 97 81 82 80 
115 110 100 98 91 86 96 103 
119 110 118 120 90 78 82 93 
155 173 163 161 147 128 89 79 
156 161 177 170 148 130 131 92 
145 138 166 169 153 129 130 139 
200 202 185 150 123 123 142 121 
222 210 195 162 105 98 134 130 

109 114 108 140 159 146 132 98 
150 142 100 90 82 75 73 86 
83 76 71 80 120 103 124 144 
93 79 81 108 126 113 112 120 
88 95 95 86 75 72 90 118 
91 97 95 87 90 78 72 81 
81 92 114 123 92 78 89 104 
95 82 93 97 89 95 121 110 

192 198 197 198 199 202 204 210 
187 193 193 192 197 192 201 201 
117 128 132 138 150 157 163 168 
124 141 144 145 155 165 177 182 
90 93 96 106 118 132 140 141 
88 85 88 90 87 87 96 103 
94 91 93 95 86 83 89 85 
121 109 101 95 93 101 100 95 

222 220 223 223 222 222 225 226 
218 222 222 221 223 223 224 225 
224 224 224 224 222 224 223 228 
222 223 221 224 224 225 225 226 
224 228 224 222 221 222 223 226 
222 225 225 227 225 224 224 223 
223 225 223 226 222 224 219 223 
222 220 221 221 222 222 227 224 

224 223 224 224 223 225 226 225 
222 224 223 223 223 225 223 222 
220 221 224 222 225 224 221 224 
220 222 224 223 223 222 222 223 
222 225 225 222 228 223 224 227 
224 221 225 224 223 223 223 225 
222 222 226 221 226 224 225 227 
224 227 228 225 226 227 226 227 

159 158 150 141 136 135 141 143 
133 131 137 140 140 137 139 133 
135 142 142 141 146 148 149 152 
152 159 157 162 162 156 158 161 
161 161 167 167 165 164 159 160 
151 153 150 150 150 145 142 136 
142 144 149 149 154 157 158 162 
188 187 191 190 189 189 193 189 

115 125 119 128 136 138 141 142 
154 150 153 150 150 145 132 132 
130 136 133 137 147 146 149 158 
125 118 129 137 134 121 128 129 
124 111 107 110 123 119 131 130 
216 203 186 169 156 146 135 124 
240 235 230 225 212 204 196 191 
247 245 242 242 237 228 215 206 

84 84 92 93 97 92 96 90 
95 95 96 98 98 99 96 98 
87 87 98 99 106 110 126 125 
117 117 133 140 147 153 159 157 
147 147 148 142 145 142 135 140 
77 77 78 70 72 71 69 73 
84 84 78 75 69 74 75 79 
77 77 77 75 76 77 78 84 

118 90 97 110 106 92 82 86 
104 100 104 104 100 92 93 95 
116 115 127 122 100 85 78 92 
167 188 174 153 143 125 95 82 
165 159 183 181 156 138 122 94 
174 141 162 172 156 131 139 138 
204 211 200 153 117 129 142 113 
215 205 195 173 103 93 118 115 

109 117 129 153 146 127 97 92 
152 117 91 96 80 86 104 116 
83 77 73 92 109 87 131 143 
82 74 86 118 113 122 138 121 
94 88 86 85 77 80 96 113 
100 99 92 93 91 84 87 79 
79 81 116 122 99 85 96 98 
92 101 97 89 77 83 122 133 

197 196 202 200 203 200 200 201 
191 187 189 193 199 198 204 202 
104 104 108 124 130 133 141 154 
121 134 141 140 140 155 182 176 
95 93 90 98 105 124 141 145 
86 84 84 91 89 93 92 100 
95 91 90 96 94 91 90 86 
123 105 105 102 91 98 98 97 

220 221 221 222 222 221 224 225 
222 222 224 222 224 225 225 225 
219 223 221 223 222 221 224 222 
221 223 222 224 222 221 222 224 
222 225 225 224 226 224 227 226 
225 224 226 225 225 223 222 220 
223 222 224 224 225 225 221 225 
221 220 221 224 222 223 226 225 

225 225 227 225 225 225 224 224 
220 221 224 220 223 221 221 223 
219 223 224 224 224 222 224 224 
222 223 222 221 224 222 223 224 
222 221 225 223 222 223 223 225 
224 225 225 226 224 224 223 226 
224 224 225 223 225 224 226 228 
226 225 225 225 225 226 226 229 

139 138 138 130 132 140 146 142 
135 131 136 137 136 141 152 156 
140 140 146 145 146 151 150 151 
155 159 161 163 167 161 159 161 
164 166 166 167 166 160 159 158 
150 148 147 146 146 140 135 137 
150 148 157 155 167 159 166 163 
191 187 189 188 189 192 190 186 

124 120 123 129 133 133 137 143 
151 151 150 151 148 147 136 140 
134 119 132 130 139 141 151 152 
119 123 131 137 136 130 129 124 
129 119 109 115 114 110 123 129 
217 207 193 178 168 150 147 134 
244 240 231 229 217 208 197 197 
245 246 244 242 235 227 218 209 

86 86 91 91 93 96 95 94 
93 93 98 102 101 102 97 102 
87 87 101 112 110 124 127 132 
123 123 136 144 148 153 155 153 
130 130 138 141 141 140 133 137 
81 81 77 72 70 70 68 71 
77 77 79 81 79 76 72 77 
75 75 76 75 73 74 79 83 

126 91 101 100 112 90 77 82 
99 96 102 106 99 87 99 94 
124 118 130 122 103 85 83 87 
168 183 181 151 140 126 99 84 
166 153 179 189 163 127 115 94 
197 162 163 168 152 118 138 136 
205 214 192 153 111 123 139 113 
218 193 181 171 110 101 104 108 

110 132 151 154 134 103 79 84 
135 96 89 84 76 79 105 128 
94 89 83 87 86 95 138 138 
72 72 93 113 125 142 126 111 
90 84 81 75 84 95 101 99 
94 89 87 96 89 96 114 81 
79 83 110 128 116 94 95 96 
85 100 107 84 79 81 112 137 

197 202 202 203 206 198 205 203 
181 187 187 188 193 198 201 203 
85 82 81 87 96 104 115 125 
107 128 139 141 138 143 170 171 
95 87 91 96 99 119 129 144 
92 94 89 83 91 87 94 99 
99 89 89 103 92 94 90 87 
115 114 103 103 92 97 101 103 

220 223 223 224 224 223 223 222 
223 219 225 222 223 223 223 226 
220 223 223 222 223 221 223 221 
222 222 221 223 222 224 222 224 
219 225 224 224 226 225 227 225 
224 225 224 226 224 225 222 225 
222 224 222 224 226 224 226 223 
222 222 223 224 218 222 225 225 

224 225 225 222 225 226 225 227 
219 224 222 220 221 221 222 222 
217 221 224 223 221 223 222 221 
222 219 223 223 227 222 224 224 
223 223 223 225 225 224 224 227 
223 226 227 225 224 225 224 226 
223 222 225 226 224 227 225 227 
222 224 226 227 226 227 228 230 

124 128 133 140 136 138 144 148 
136 131 130 137 144 146 151 156 
143 144 145 149 149 150 149 150 
153 163 163 164 164 160 161 162 
164 167 161 166 162 157 154 158 
142 142 142 136 142 133 133 127 
156 155 159 161 164 166 174 173 
192 180 193 193 193 190 190 184 

128 121 130 133 126 126 137 143 
148 147 152 154 153 153 146 136 
132 130 126 137 133 136 143 149 
113 118 125 129 134 129 129 126 
140 125 115 114 108 116 115 122 
224 218 205 191 174 171 151 143 
246 241 235 228 219 211 198 196 
249 247 247 243 237 229 221 213 

93 93 86 89 95 96 94 98 
92 92 102 100 105 105 102 107 
90 90 102 114 117 127 132 136 
135 135 141 139 147 151 153 152 
112 112 130 135 136 132 132 126 
75 75 72 74 73 73 78 73 
77 77 81 76 77 77 73 78 
80 80 73 81 71 76 78 85 

139 93 101 99 97 91 81 90 
111 88 110 114 105 91 87 90 
138 129 137 136 121 88 79 85 
168 184 180 155 135 126 108 84 
163 144 179 191 161 126 112 100 
202 180 165 165 145 119 127 134 
211 221 202 155 105 122 143 121 
211 187 173 168 106 105 98 104 

139 160 162 147 110 84 76 87 
119 84 83 80 78 91 105 142 
84 85 78 83 81 111 142 127 
71 74 103 103 126 134 115 91 
83 77 78 84 97 116 102 93 
91 93 81 85 87 103 129 86 
74 78 93 120 133 108 96 87 
91 105 105 85 71 79 100 124 

195 196 202 199 205 197 204 206 
172 176 175 187 189 195 199 201 
86 92 86 86 80 80 85 93 
111 118 134 137 133 138 147 159 
85 97 89 91 96 105 119 138 
90 90 92 82 85 92 96 93 
99 90 92 94 101 96 91 89 
102 113 105 110 94 96 110 111 

220 223 221 218 222 219 224 220 
223 224 225 227 225 224 222 225 
217 221 221 222 222 222 223 222 
220 221 223 224 221 222 222 221 
219 220 224 223 219 224 224 223 
224 222 225 223 226 224 225 226 
221 225 224 225 223 224 226 225 
220 222 225 219 222 223 225 225 

226 224 224 224 223 227 222 227 
221 220 221 223 223 220 225 222 
222 222 224 223 221 223 223 222 
222 220 224 225 223 226 223 226 
221 224 222 223 225 221 224 227 
225 226 224 225 221 222 228 228 
226 226 222 227 227 223 224 227 
221 223 225 226 227 229 227 231 

128 127 129 133 136 142 140 144 
129 135 137 137 147 148 148 149 
147 146 148 147 148 153 152 154 
156 163 166 166 167 159 156 162 
163 163 160 162 159 158 155 154 
134 137 139 135 135 135 131 132 
156 162 162 171 166 176 177 176 
190 188 195 189 190 192 192 183 

136 133 129 125 128 125 127 136 
144 145 154 149 152 154 150 144 
134 134 128 130 131 139 146 148 
107 109 116 118 125 133 132 124 
153 140 131 118 116 112 122 119 
225 217 209 200 186 175 167 153 
248 241 237 231 224 215 202 196 
247 245 244 241 238 230 223 213 

88 88 97 93 100 99 94 98 
92 92 107 101 105 103 105 107 
91 91 109 120 125 136 142 135 
136 136 146 143 145 146 151 148 
98 98 113 126 124 125 125 120 
78 78 71 72 69 73 80 75 
80 80 77 75 77 74 80 80 
80 80 74 74 80 79 86 86 

144 98 99 93 97 89 86 90 
124 107 112 113 97 96 95 85 
138 157 145 145 137 94 81 80 
167 178 184 159 137 131 119 87 
160 145 173 186 159 118 109 102 
206 191 171 157 143 129 125 137 
219 220 200 161 110 124 142 143 
205 181 166 156 101 99 99 89 

153 166 153 136 89 81 80 83 
95 70 77 72 72 86 134 149 
87 92 82 81 92 131 137 121 
73 85 105 101 119 116 97 81 
75 79 77 89 107 112 101 84 
87 95 83 84 87 103 128 98 
70 84 98 117 136 123 96 87 
80 96 113 85 81 76 91 117 

189 192 195 196 200 197 202 204 
161 168 176 172 184 190 193 192 
116 110 107 95 88 85 87 83 
104 109 125 141 136 135 141 156 
81 89 87 89 98 100 114 128 
89 97 89 85 84 88 92 91 
98 97 89 96 101 93 99 92 
96 106 111 109 101 97 138 137 

221 224 225 224 223 219 225 221 
220 224 223 222 224 224 225 222 
217 222 221 220 223 226 224 222 
222 224 224 222 222 225 223 225 
220 224 221 221 222 226 225 224 
224 227 227 226 222 222 229 225 
224 225 225 226 224 224 225 225 
221 222 223 219 223 224 224 224 

226 225 225 224 222 223 223 225 
222 220 224 223 223 223 224 223 
222 223 224 223 223 221 222 225 
222 223 225 225 222 224 221 226 
224 224 222 222 224 223 225 224 
223 223 225 226 224 225 227 227 
224 226 222 225 225 225 225 228 
224 224 225 227 227 228 227 229 

127 126 131 133 135 141 138 142 
132 139 140 142 144 147 148 150 
146 147 150 150 151 154 154 157 
162 165 171 166 165 163 161 158 
161 164 164 162 158 155 152 148 
134 132 132 128 133 133 131 134 
165 165 172 174 170 182 185 184 
191 189 194 192 189 195 185 195 

143 141 135 133 127 129 131 129 
141 143 150 153 154 155 155 147 
139 137 131 137 130 132 138 148 
104 109 109 124 125 127 132 129 
167 147 136 126 121 118 115 118 
230 224 215 207 195 182 168 164 
249 244 240 235 227 216 207 199 
246 247 243 243 239 233 224 212 

89 89 97 97 95 95 97 96 
96 96 100 99 103 102 105 108 
93 93 117 131 132 140 148 152 
141 141 144 144 144 142 144 146 
97 97 95 100 104 106 110 109 
79 79 78 76 72 74 78 75 
80 80 79 77 77 77 70 80 
76 76 71 70 77 72 79 88 

147 110 104 96 96 87 83 98 
122 111 119 119 98 86 89 99 
139 162 151 149 139 95 82 77 
162 172 182 165 136 130 131 95 
153 146 166 173 151 118 109 107 
206 190 162 150 135 123 130 135 
221 219 201 158 115 117 140 141 
202 182 165 145 100 103 107 86 

167 156 141 107 83 78 86 81 
81 79 77 64 71 108 141 145 
95 95 86 81 110 144 124 99 
79 95 101 102 107 100 78 79 
78 80 88 99 99 98 96 81 
82 105 88 79 89 87 105 100 
80 79 87 113 132 133 99 82 
79 95 112 98 80 77 87 99 

189 193 194 196 196 191 201 202 
154 161 166 163 178 176 185 190 
134 147 150 137 122 110 105 101 
96 105 114 132 135 137 146 155 
79 88 88 91 87 93 104 113 
84 93 88 88 86 83 86 94 
101 98 91 94 96 92 101 94 
93 97 113 112 119 128 166 157 

223 224 228 223 221 220 221 224 
220 222 224 224 224 226 225 226 
219 220 223 223 222 224 225 225 
223 224 225 221 223 223 221 224 
224 225 225 224 222 223 223 223 
224 223 227 223 221 219 222 225 
222 224 225 226 226 227 223 225 
217 223 222 225 221 222 221 222 

225 223 225 226 224 225 227 224 
221 224 224 223 222 221 220 222 
221 219 222 221 223 223 222 226 
221 223 222 220 221 221 223 225 
222 224 224 223 227 225 224 226 
223 225 224 225 225 224 225 224 
222 224 225 225 226 224 225 227 
224 223 225 228 228 228 228 229 

122 117 134 135 139 141 140 147 
132 139 140 141 140 149 146 145 
149 150 155 154 157 150 158 154 
161 164 169 164 165 163 159 160 
158 159 161 158 156 154 150 149 
129 128 134 136 136 136 138 137 
173 177 182 185 173 187 189 192 
187 185 191 194 190 189 195 193 

153 140 138 129 135 137 129 133 
142 138 143 148 149 156 156 158 
136 135 133 131 125 129 132 141 
103 101 106 116 124 129 129 128 
176 159 151 139 136 125 115 113 
233 227 219 213 202 194 182 170 
249 248 241 236 229 220 211 198 
250 249 245 243 239 233 225 213 

89 89 96 95 94 102 92 97 
92 92 103 97 102 96 110 113 
103 103 126 136 143 146 152 153 
139 139 146 143 145 143 143 145 
95 95 89 92 91 91 101 96 
73 73 76 74 75 74 73 77 
83 83 80 73 80 74 71 76 
70 70 74 71 74 70 73 87 

142 121 99 98 90 82 87 98 
124 108 118 112 93 86 95 91 
139 169 156 151 141 108 84 71 
162 168 176 166 138 133 133 110 
143 144 163 168 144 119 114 118 
206 192 171 153 137 118 131 132 
222 218 195 157 115 112 145 135 
208 175 158 135 95 96 95 77 

162 154 127 86 83 78 80 84 
75 83 75 65 89 124 127 131 
85 97 87 89 125 134 113 85 
82 90 106 105 95 87 76 87 
83 89 94 97 101 93 83 82 
78 94 96 93 92 81 90 92 
86 80 84 115 127 128 106 90 
74 89 99 103 77 83 88 93 

189 195 192 199 193 196 203 203 
152 153 157 161 159 163 174 177 
142 146 155 151 156 159 156 134 
98 99 103 117 126 139 142 149 
83 87 88 91 88 92 97 104 
89 93 91 89 86 85 87 93 
100 102 96 90 100 104 93 95 
108 91 114 124 155 157 158 144 

219 222 225 223 223 224 222 227 
222 222 225 224 223 224 225 226 
221 225 224 224 222 222 225 225 
224 226 224 224 220 222 221 226 
222 222 220 224 222 221 224 223 
223 225 224 225 221 222 222 225 
221 226 222 221 223 226 224 225 
219 218 223 222 223 221 220 223 

225 223 224 223 223 220 222 227 
223 223 225 224 224 223 223 223 
221 221 224 223 221 221 221 222 
222 223 223 224 223 223 223 225 
221 223 225 223 224 224 224 224 
224 223 225 225 224 221 223 222 
222 225 224 223 225 224 224 229 
224 226 227 225 227 228 228 232 

123 130 134 139 140 145 147 148 
135 134 137 140 144 148 146 147 
147 149 157 155 153 154 153 158 
165 165 167 171 166 166 167 162 
160 153 154 154 154 153 150 147 
134 136 142 145 144 137 143 145 
182 188 184 190 186 191 194 193 
190 192 194 195 191 194 195 193 

151 148 140 135 138 136 130 129 
138 138 141 145 145 155 152 157 
134 136 132 134 136 129 129 130 
109 99 109 112 116 129 126 139 
197 179 161 144 144 132 119 113 
240 232 226 216 203 199 191 177 
248 247 243 239 234 222 212 201 
248 250 248 244 243 236 227 217 

