11010000
1011011
1011010
11010000
11011000
1110101000
1110110011
1110111101
1011100
1011100
1011110
11010011
11011010
1110111010
1110111100
1110110111
1011110
1011101
11010000
11011000
1110101000
1110111001
111101000101
1110111000
1011110
11010001
11010110
11011101
1110110011
111101010111
111101010000
1110111110
11010010
11010110
1110100101
1110111000
111101000100
111101101101
111101100111
111101001101
11011000
1110100011
1110110111
111101000000
111101010001
111101101000
111101110001
111101011100
1110110001
111101000000
111101001110
111101010111
111101100111
111101111001
111101111000
111101100101
111101001000
111101011100
111101011111
111101100010
111101110000
111101100100
111101100111
111101100011
