8.549678
8.520913
8.457759
8.423387
8.406307
8.365425
8.303669
8.252753
8.130952
8.091167
8.055886
8.016245
7.975834
7.940300
7.897278
7.856267
8.186553
8.141717
8.077621
8.029514
8.016936
7.967055
7.894698
7.832846
7.727810
7.678252
7.634357
7.576063
7.568017
7.517460
7.465643
7.398295
6.423905
6.412804
6.396387
6.386241
6.362932
6.354309
6.340708
6.332182
6.301850
6.296845
6.292131
6.288312
6.280274
6.278849
6.275790
6.274988
6.292261
6.295958
6.294403
6.293526
6.284924
6.284842
6.280591
6.280279
6.271609
6.275509
6.276182
6.280626
6.275518
6.279585
6.283280
6.289065
7.594926
7.591893
7.566159
7.562000
7.573064
7.570194
7.548931
7.538344
7.520004
7.514253
7.511775
7.510246
7.500086
7.503690
7.498573
7.497255
7.923661
7.930657
7.915734
7.911858
7.940427
7.936683
7.911202
7.894496
7.950906
7.939745
7.936990
7.915403
7.950609
7.931027
7.914136
7.873937
7.460484
7.468301
7.468028
7.476409
7.459310
7.469812
7.471746
7.480406
7.502427
7.508158
7.518243
7.527314
7.532792
7.540782
7.548302
7.556924
7.554235
7.573992
7.587302
7.599286
7.597271
7.610202
7.618480
7.629740
7.685714
7.697044
7.707025
7.718224
7.719559
7.729425
7.739953
7.749809
12.790455
12.958095
13.022862
13.120916
13.108213
13.196659
13.258716
13.303646
13.013640
13.105268
13.173075
13.217586
13.196715
13.247659
13.296838
13.322591
13.436228
13.451800
13.462139
13.473935
13.477683
13.480357
13.485495
13.483043
13.425786
13.412452
13.419109
13.406233
13.402649
13.390080
13.389368
13.377439
12.450466
12.473990
12.469230
12.479712
12.483231
12.483244
12.481270
12.476150
12.395555
12.400953
12.402277
12.405322
12.386995
12.398335
12.401252
12.408775
12.393867
12.390122
12.390303
12.386605
12.370354
12.367922
12.367372
12.366100
12.259268
12.263701
12.267198
12.270600
12.260830
12.271207
12.280828
12.292135
12.241718
12.325360
12.395025
12.472280
12.530725
12.620454
12.700155
12.786346
12.894065
12.978065
13.069108
13.155048
13.186506
13.287561
13.386147
13.488473
13.826644
13.966053
14.117357
14.257777
14.396865
14.541093
14.711686
14.872041
15.448176
15.597438
15.803648
15.973196
16.230797
16.379028
16.579338
16.748627
19.732132
19.994865
20.177706
20.435261
20.692373
20.942245
21.147436
21.404186
22.096865
22.358360
22.631969
22.904160
23.205225
23.511427
23.799685
24.100666
25.251926
25.653095
26.116049
26.555988
27.159395
27.625813
28.178642
28.719921
31.374611
32.243450
33.339298
34.375698
36.719360
38.466713
41.473953
44.923710
